Algorithm CutWidth(Random)
bcsstk02.mtx.rnd	1089.0	3009	30  14  31  6  52  39  15  56  57  45  22  43  51  27  3  34  36  65  40  41  50  18  11  19  46  49  20  5  16  58  47  37  35  48  12  7  29  0  38  25  1  53  13  26  55  63  4  32  59  62  33  44  28  21  24  9  2  64  42  10  17  61  23  8  60  54  66  
fs_183_6.mtx.rnd	335.0	3002	70  10  86  132  165  121  13  109  126  145  112  24  41  134  176  155  152  66  84  153  169  35  61  65  161  88  99  162  6  94  36  60  129  19  92  170  74  166  57  16  51  157  114  122  151  26  40  160  102  146  27  15  81  175  21  69  164  135  128  105  183  49  53  90  180  150  50  119  138  142  20  14  43  123  72  59  3  8  63  5  2  83  110  54  71  80  171  131  25  73  52  55  48  154  173  56  125  11  7  17  91  113  139  78  136  18  46  58  118  45  178  82  163  120  93  12  97  181  9  143  101  95  87  147  148  104  29  64  108  100  33  68  182  89  124  42  1  172  159  85  37  156  130  44  96  179  115  140  133  28  0  168  137  167  39  106  177  116  77  4  111  23  127  32  31  149  38  141  62  22  67  117  30  79  103  158  34  174  107  144  76  47  75  98  
impcol_b.mtx.rnd	106.0	3000	3  24  57  35  26  29  18  58  36  8  43  30  39  11  49  17  33  23  16  34  22  51  31  25  52  55  7  6  0  10  38  54  9  59  12  14  1  5  37  32  13  41  48  15  4  46  42  50  27  19  45  2  47  56  40  44  20  53  21  28  
bcsstk04.mtx.rnd	826.0	3002	41  37  81  24  127  2  90  93  117  78  35  13  130  80  44  50  97  52  6  109  16  22  128  106  42  88  69  40  82  31  129  60  58  114  8  63  101  3  55  131  27  10  74  105  43  23  126  9  33  15  73  54  102  11  91  77  113  64  87  124  110  57  12  123  48  46  107  51  47  132  62  119  67  83  103  5  28  70  66  32  53  76  14  20  108  92  36  68  59  71  38  72  75  104  98  45  0  115  7  111  49  79  100  26  122  96  95  65  34  116  61  84  125  39  120  25  17  19  94  56  89  85  1  99  21  118  121  18  112  4  29  86  30  
mio_solution.rnd	3.0	3000	0  2  4  3  1  
mio_solution_2.rnd	2.0	3000	2  3  0  1  
steam3.mtx.rnd	175.0	3000	61  2  19  63  23  17  33  4  24  6  49  36  80  79  42  37  41  72  29  62  51  21  70  77  56  28  20  60  31  16  39  57  35  30  65  44  66  50  73  13  52  67  11  78  5  26  43  53  68  0  14  75  3  54  15  38  64  74  32  9  8  48  76  69  34  58  25  55  59  45  1  12  40  71  10  7  47  46  22  18  27  
can__161.mtx.rnd	284.0	3001	156  133  154  77  129  152  0  66  123  93  115  55  22  85  1  14  23  116  53  142  136  140  78  114  47  50  24  104  117  13  29  12  20  49  11  111  70  153  88  110  118  73  91  51  134  39  56  161  79  26  141  160  150  139  59  96  130  38  99  4  19  157  42  145  102  112  138  52  155  90  37  34  63  72  62  86  45  9  16  149  127  18  64  97  32  128  3  27  54  80  125  60  146  124  101  94  106  5  35  25  126  137  6  41  28  61  36  75  43  92  109  144  65  82  46  21  89  148  74  100  7  143  2  67  158  135  98  58  147  95  81  76  121  107  33  87  15  31  40  10  119  105  159  83  69  68  131  103  120  108  30  122  8  44  48  132  71  151  57  113  84  17  
west0132.mtx.rnd	181.0	3003	47  87  104  121  3  42  127  108  43  33  107  64  89  124  66  1  102  8  51  20  115  125  106  21  50  28  39  41  19  94  32  36  30  0  93  38  44  77  120  56  40  103  76  16  131  69  9  12  45  52  24  123  5  92  88  60  55  122  48  79  119  100  110  4  7  65  10  68  2  15  78  111  35  6  113  63  18  97  49  91  112  23  129  116  128  72  101  46  99  61  67  95  81  17  132  118  59  75  13  70  57  34  37  29  117  80  96  58  73  109  54  114  85  86  83  62  25  27  82  90  105  53  130  98  14  11  31  22  71  126  74  84  26  
bcspwr01.mtx.rnd	16.0	3000	4  15  8  6  32  19  22  27  18  16  1  20  11  37  34  28  17  24  33  12  25  14  7  26  23  9  10  30  38  31  0  39  36  5  29  35  21  13  3  2  
gre__115.mtx.rnd	116.0	3000	72  28  77  82  18  78  58  95  40  21  69  68  73  17  54  13  104  93  50  32  53  43  91  11  41  3  37  47  105  84  27  59  34  48  97  44  99  115  85  33  19  46  106  4  42  61  100  49  23  89  62  113  83  8  20  31  5  81  94  102  71  70  98  74  36  16  65  86  2  90  22  111  14  10  80  101  96  56  88  6  92  75  79  57  103  63  26  64  52  35  7  60  24  45  39  109  107  112  108  30  114  1  55  67  29  9  38  110  66  25  0  51  76  15  12  87  
ash85.mtx.rnd	90.0	3000	30  39  83  14  2  73  77  59  70  9  26  41  81  11  10  33  80  55  40  24  5  66  85  50  37  62  44  72  43  68  27  60  54  13  36  20  51  45  79  17  18  49  0  61  12  4  46  29  25  53  21  1  19  57  28  76  7  69  64  63  48  75  32  56  3  42  71  16  31  82  84  52  23  78  6  35  34  38  67  22  58  74  8  15  47  65  
dwt__234.mtx.rnd	66.0	3001	2  39  116  21  63  44  62  26  13  103  27  29  104  82  32  40  0  106  96  1  92  70  34  41  64  9  99  80  89  54  67  102  117  69  84  105  4  6  72  50  73  57  30  110  58  31  47  25  45  81  75  51  33  68  28  115  37  98  53  77  66  100  19  24  10  76  38  18  48  55  46  87  52  22  94  23  112  35  71  85  101  36  20  16  90  109  12  14  107  8  65  3  7  91  11  111  113  49  95  97  59  108  43  15  83  61  79  78  60  5  88  56  17  86  74  114  93  42  
will199.mtx.rnd	303.0	3003	87  70  143  186  94  155  112  13  42  159  165  10  97  103  49  194  69  86  183  67  48  124  198  21  40  146  52  105  46  71  81  79  164  53  188  6  82  35  191  26  41  89  126  5  197  162  175  39  161  59  16  127  110  19  4  22  130  134  171  36  108  88  63  180  96  55  158  27  9  132  76  142  68  73  98  160  133  152  15  193  90  1  92  190  169  178  150  170  139  29  58  145  125  121  20  51  95  84  187  176  154  137  8  74  156  75  24  23  167  45  0  173  14  104  184  119  31  25  93  64  177  196  30  138  131  141  38  113  185  174  33  100  163  199  32  57  43  166  56  117  61  151  148  47  101  50  37  135  116  128  91  195  136  179  72  60  129  65  149  12  11  3  107  181  189  77  115  18  7  157  83  62  118  153  99  182  44  102  172  106  2  114  140  28  54  78  109  122  120  66  34  111  144  168  147  192  123  80  17  85  
lns__131.mtx.rnd	119.0	3002	24  5  59  62  14  34  63  120  97  39  2  35  57  30  1  93  36  87  117  102  76  95  42  45  123  82  46  114  37  83  15  86  96  98  107  122  84  20  64  85  111  79  78  13  112  7  94  54  88  68  118  100  19  67  40  106  77  55  115  49  9  51  4  70  116  21  58  105  50  10  91  80  65  119  81  103  44  8  33  23  52  61  26  89  16  113  11  73  121  41  17  29  101  31  18  48  6  12  66  32  109  56  47  92  60  53  110  38  108  0  72  90  28  27  69  43  99  25  104  22  71  75  74  3  
fs_183_4.mtx.rnd	325.0	3006	158  111  120  58  145  59  8  76  41  71  11  33  13  57  87  107  154  20  165  16  177  164  139  40  169  38  22  34  36  119  125  116  167  157  181  47  82  179  133  86  43  102  30  15  37  83  97  103  54  72  44  146  12  6  26  182  25  156  141  149  95  96  126  56  24  168  171  79  135  115  65  80  2  140  77  183  118  90  148  46  128  81  147  124  70  153  73  68  137  101  28  113  53  104  63  42  129  106  52  108  17  69  29  98  91  75  161  144  162  67  143  99  23  138  180  114  175  121  166  100  105  3  150  122  21  88  173  155  110  50  163  78  55  10  112  32  117  84  45  5  31  39  130  131  74  160  85  127  152  151  170  35  92  51  19  109  60  172  4  14  64  159  7  176  132  27  48  9  142  178  1  61  89  66  93  62  0  94  134  123  174  136  18  49  
bcspwr03.mtx.rnd	76.0	3000	0  102  110  61  65  20  59  43  25  11  96  41  113  24  71  79  72  53  19  4  48  52  101  117  91  40  112  69  22  77  73  76  34  8  14  29  78  109  12  51  118  57  32  39  107  98  111  84  58  86  81  100  64  99  45  56  46  21  85  90  33  66  28  97  42  13  87  116  89  108  49  115  104  16  44  17  80  5  63  62  93  1  37  18  103  35  88  106  26  94  36  9  95  82  2  75  105  50  3  15  68  67  47  83  38  10  92  74  7  60  6  54  23  27  70  114  30  55  31  
nos1.mtx.rnd	140.0	3000	94  124  24  34  147  74  153  53  39  57  9  14  33  47  23  64  4  35  158  96  99  148  1  86  83  0  126  88  69  85  151  43  71  87  102  44  18  60  32  137  113  73  13  16  78  11  119  141  66  26  77  81  27  105  65  132  82  146  114  25  131  63  72  156  116  3  38  111  115  49  89  118  22  103  31  29  130  155  117  122  136  50  109  145  84  150  8  52  76  21  19  93  61  5  127  54  104  108  125  28  58  36  120  134  138  40  135  10  42  46  121  91  68  112  152  128  7  100  75  17  70  56  95  133  12  129  6  140  154  143  106  101  92  41  59  149  107  37  97  51  67  30  90  20  110  15  45  157  142  98  79  55  80  62  144  48  2  139  123  
impcol_c.mtx.rnd	155.0	3002	76  84  72  70  96  114  79  3  22  47  17  78  43  82  66  125  137  123  64  88  61  50  45  41  75  57  15  126  93  10  13  95  67  25  33  14  37  8  113  2  56  133  85  27  7  116  1  52  101  97  44  71  83  36  73  112  58  38  103  53  121  20  117  109  87  104  4  30  5  115  31  131  40  77  23  90  6  32  26  130  134  49  60  29  68  108  124  91  69  128  34  80  51  42  118  19  107  132  106  129  110  16  120  81  86  46  35  24  99  9  102  111  105  135  48  65  18  55  59  127  0  54  122  62  98  74  11  21  136  92  119  94  12  89  100  39  63  28  
west0167.mtx.rnd	219.0	3000	66  38  121  88  24  70  16  19  41  46  110  68  56  12  116  45  49  95  128  155  103  44  8  137  131  17  10  146  26  39  165  33  107  96  129  89  78  106  34  152  3  64  5  145  74  35  94  72  123  51  150  151  130  98  61  149  142  148  23  15  111  113  67  63  53  73  55  87  9  42  118  6  156  100  20  115  166  154  138  36  124  139  58  54  157  132  22  28  71  69  47  37  140  50  48  163  29  82  101  104  120  81  90  1  158  134  114  147  40  126  43  0  62  65  167  30  76  79  93  11  122  91  59  112  4  57  7  161  13  99  18  75  2  117  102  85  105  160  162  119  97  25  86  133  84  108  144  14  125  27  127  80  135  32  21  31  143  136  141  60  153  92  52  159  109  83  77  164  
gre__185.mtx.rnd	296.0	3000	4  12  136  159  126  78  46  115  124  36  150  48  142  96  16  137  3  30  19  103  90  149  83  152  25  45  160  135  8  68  151  13  59  73  162  79  105  60  70  122  11  132  104  74  81  123  47  27  167  84  129  180  177  100  50  139  44  92  0  107  117  85  108  121  14  133  143  82  99  20  2  28  113  144  66  9  174  63  112  153  98  119  23  91  37  173  176  21  72  29  22  58  61  24  134  40  7  75  76  17  161  128  94  131  55  57  71  52  125  102  5  86  120  185  87  53  164  155  33  182  148  65  18  41  169  31  39  77  110  118  156  138  64  163  62  114  116  130  109  170  97  38  93  6  154  42  32  43  1  141  10  181  147  165  172  106  67  178  127  15  175  140  111  26  171  95  49  56  184  89  35  168  51  166  88  101  157  145  69  158  179  54  34  146  183  80  
curtis54.mtx.rnd	49.0	3000	48  28  11  17  16  40  14  15  51  37  21  10  20  25  54  38  43  49  8  34  13  22  31  39  46  53  2  4  23  35  24  5  27  41  33  7  29  19  36  6  0  32  1  26  18  50  12  47  42  3  52  30  9  45  44  
bcsstk22.mtx.rnd	107.0	3000	9  50  98  35  104  61  32  92  53  25  82  81  88  108  18  99  91  27  12  0  72  63  65  100  29  23  46  16  101  4  94  10  68  30  54  34  52  80  33  109  51  7  62  21  77  20  96  40  47  48  37  31  38  79  102  28  15  105  84  44  78  5  26  55  110  19  41  56  24  75  22  69  59  107  86  60  83  14  57  76  45  42  49  2  36  3  87  8  1  67  64  6  13  85  90  43  73  17  106  89  93  71  95  74  58  39  97  66  11  70  103  
bcsstk05.mtx.rnd	527.0	3003	23  133  37  79  22  9  38  143  8  76  49  137  121  92  136  123  130  43  90  146  120  73  42  14  54  67  31  152  15  75  148  16  142  30  4  36  58  135  138  116  44  78  69  124  33  53  65  18  60  68  105  122  117  11  102  46  100  40  91  2  6  45  119  95  153  41  80  21  109  50  55  71  29  82  126  52  77  63  145  48  107  104  70  86  134  110  26  103  57  106  112  81  101  115  64  7  88  0  111  89  147  61  74  108  51  20  83  66  87  144  132  34  140  149  93  3  47  24  128  39  84  27  94  150  98  97  59  141  17  56  28  12  131  96  151  114  113  5  62  99  127  35  1  25  139  85  32  129  13  72  118  10  125  19  
ibm32.mtx.rnd	35.0	3000	29  14  25  5  17  19  12  30  15  27  31  13  32  9  3  11  1  0  6  8  22  23  28  10  4  16  2  24  21  20  7  26  18  
arc130.mtx.rnd	342.0	3002	121  70  38  120  55  7  47  110  127  99  63  84  109  11  20  101  57  115  54  126  50  77  82  75  44  76  91  36  39  83  37  59  100  79  9  32  52  85  71  95  122  102  93  2  64  0  66  33  8  31  112  35  108  72  129  116  46  69  56  14  73  119  30  15  51  124  3  34  80  65  62  60  104  49  58  6  68  48  105  22  94  74  23  89  45  113  130  97  81  21  25  53  16  13  24  10  28  86  106  67  27  1  78  61  118  103  107  42  125  98  26  17  41  117  29  92  96  5  12  87  19  43  123  88  18  40  128  114  90  111  4  
lund_a.mtx.rnd	539.0	3001	51  10  111  141  129  84  5  37  110  113  74  13  57  15  93  144  121  81  118  114  143  101  77  24  14  116  19  96  122  86  39  94  6  138  61  65  146  78  98  79  140  72  73  52  75  133  66  71  2  127  70  132  32  9  49  97  123  56  69  117  137  128  16  44  20  105  142  27  125  99  41  85  33  119  145  90  3  104  76  134  23  60  87  112  48  64  91  45  46  42  102  58  31  124  43  131  95  67  30  115  100  25  89  47  8  63  80  62  136  29  83  34  106  82  7  38  11  36  0  130  54  35  109  17  53  1  26  21  59  55  18  22  12  139  28  4  108  135  40  120  107  92  50  126  88  68  147  103  
west0156.mtx.rnd	162.0	3002	10  42  77  59  156  67  78  114  97  81  88  105  120  142  108  22  7  62  13  20  91  140  134  116  76  139  12  27  101  30  63  104  25  121  102  26  8  141  9  4  69  41  57  146  15  35  113  90  129  107  131  14  130  127  87  154  51  37  135  147  98  83  49  153  19  119  92  52  151  68  123  16  124  95  112  118  103  109  66  36  46  128  74  132  126  40  65  43  39  94  29  149  6  47  56  155  53  106  60  5  32  110  61  21  115  1  75  71  152  137  55  122  0  84  93  48  3  96  111  73  138  64  58  133  44  72  80  17  99  33  89  125  82  145  79  85  45  100  86  38  143  150  148  144  18  2  24  34  117  28  11  31  50  136  23  70  54  
fs_183_1.mtx.rnd	315.0	3006	99  44  142  0  96  125  66  42  67  123  59  80  128  73  25  12  103  166  26  4  30  88  2  117  180  116  50  84  122  112  171  92  170  47  81  181  91  145  71  54  55  140  102  113  157  37  33  183  173  151  159  9  156  137  74  176  61  43  78  136  158  34  85  32  64  110  104  87  148  69  160  174  1  52  72  62  161  114  29  126  177  31  94  45  167  17  172  27  150  46  28  19  51  165  139  153  98  138  70  93  21  130  14  40  39  168  36  141  162  146  22  133  10  57  105  56  89  120  63  124  121  75  152  127  3  101  77  149  18  115  111  68  86  107  6  53  24  109  58  154  35  65  169  82  131  16  144  129  76  23  7  135  119  143  147  15  97  48  90  134  8  38  95  83  179  41  11  178  49  182  163  79  132  175  100  106  164  13  108  60  118  5  20  155  
fs_183_3.mtx.rnd	333.0	3003	65  23  12  24  66  78  128  37  132  89  41  25  126  34  135  138  58  105  164  74  125  122  150  64  108  119  29  71  18  28  19  183  178  121  152  62  22  165  59  102  114  151  120  3  103  60  140  72  47  124  161  21  42  11  80  110  162  94  4  35  98  45  48  5  182  16  96  27  149  175  163  131  31  160  91  73  53  95  153  15  177  54  90  167  179  86  143  61  55  10  133  147  44  139  1  13  0  92  144  115  155  181  129  106  166  180  142  56  159  172  97  118  68  57  136  113  49  174  176  67  82  8  156  141  79  85  117  81  39  30  173  50  111  32  158  146  87  170  100  52  26  17  14  171  157  51  123  101  154  127  2  112  9  38  76  148  93  70  7  169  77  84  168  46  69  107  75  40  145  130  36  104  43  134  116  83  137  63  88  6  99  20  109  33  
pores_1.mtx.rnd	36.0	3000	2  12  5  16  21  0  22  29  24  13  14  1  26  17  7  8  10  25  30  23  19  3  28  9  15  6  18  11  20  27  4  
bcspwr02.mtx.rnd	20.0	3000	27  31  44  24  5  4  17  25  18  13  34  28  12  0  10  47  29  1  14  37  30  32  49  20  8  22  38  45  46  9  3  7  26  16  6  11  42  19  33  41  35  21  15  48  43  2  40  39  23  36  
nos4.mtx.rnd	103.0	3000	6  5  74  39  79  85  88  56  50  64  11  100  16  26  41  4  72  97  86  42  75  55  18  78  46  70  14  15  21  52  8  31  48  94  63  82  9  34  76  65  29  30  80  69  43  12  73  23  87  10  35  17  91  67  1  53  54  37  89  0  38  2  27  77  99  47  44  3  7  98  96  84  36  60  58  71  22  59  93  51  49  33  81  61  24  62  68  45  28  40  92  19  57  95  83  66  13  90  20  32  25  
lund_b.mtx.rnd	536.0	3000	59  5  38  66  82  20  23  124  55  62  13  16  117  7  119  108  43  25  2  92  68  120  51  53  18  31  143  60  11  111  141  146  134  64  22  100  147  75  96  105  54  10  79  98  9  139  3  130  142  67  140  121  24  127  69  34  39  94  72  12  4  48  133  136  15  106  87  46  52  49  88  138  144  118  83  110  57  41  107  101  91  115  81  128  33  65  93  30  104  56  70  135  50  132  78  80  103  84  36  6  61  26  90  58  95  114  8  42  73  14  19  27  131  129  37  21  29  40  145  102  28  89  44  76  123  63  35  17  32  109  85  71  77  122  45  126  74  137  112  0  99  113  125  47  1  86  97  116  
will57.mtx.rnd	48.0	3000	27  25  15  7  9  36  22  41  8  31  11  5  39  32  43  30  1  44  0  6  21  34  47  35  10  50  38  40  46  29  20  33  49  19  26  18  12  24  28  52  42  2  55  48  53  23  51  45  16  3  13  57  4  56  17  37  14  54  
mcca.mtx.rnd	802.0	3001	65  139  3  24  1  125  116  156  140  81  71  124  105  85  106  68  30  165  119  72  113  130  17  121  19  104  61  8  162  89  67  154  37  122  94  117  126  9  147  36  79  138  166  86  157  78  96  146  75  77  53  141  168  167  137  97  82  152  100  163  15  135  159  93  6  55  108  95  66  107  43  151  103  29  99  150  114  155  38  136  11  80  120  148  92  133  47  26  58  12  73  64  27  49  16  76  129  115  46  62  23  91  118  14  83  33  164  18  123  57  50  160  0  145  54  153  31  109  143  44  70  5  35  101  131  88  128  87  84  59  21  4  144  25  48  34  63  22  10  102  56  42  51  74  60  134  20  28  161  158  127  32  13  112  45  69  52  110  111  149  98  41  2  40  132  142  90  7  39  
gent113.mtx.rnd	243.0	3000	47  0  54  18  97  78  24  92  81  58  71  80  7  43  17  15  57  85  59  10  8  29  45  32  20  64  82  39  14  46  100  41  99  74  50  77  53  93  23  42  84  5  2  25  36  73  75  70  90  30  48  12  40  72  6  79  1  66  3  55  26  83  21  68  22  16  4  69  88  31  63  56  51  49  33  62  34  9  35  103  104  11  61  13  86  76  98  94  95  91  89  60  27  67  19  102  44  28  87  96  38  52  65  37  101  
bcsstk01.mtx.rnd	68.0	3000	38  21  48  35  41  19  27  3  5  25  40  30  36  44  20  9  2  34  15  7  16  39  12  8  4  26  1  33  31  37  45  23  6  11  17  0  29  10  28  46  42  32  22  14  18  47  43  13  24  
can__144.mtx.rnd	263.0	3002	135  30  97  81  32  76  54  114  139  72  95  43  133  74  41  52  57  2  27  96  51  58  9  116  60  122  128  100  55  23  102  62  80  92  17  67  65  47  137  93  101  89  69  37  129  121  40  127  86  94  78  99  73  22  19  107  39  16  46  5  103  87  6  119  110  13  28  21  138  108  143  132  106  34  24  144  113  90  49  26  11  141  56  14  36  0  59  8  91  88  42  83  82  20  104  44  98  3  79  48  7  38  125  71  126  10  131  136  4  75  61  124  120  85  1  66  112  53  33  12  25  123  142  140  50  111  84  70  45  118  109  29  18  15  117  130  31  77  63  134  115  105  35  68  64  
