Algorithm CutWidth(GRASP)
bcsstk02.mtx.rnd	1089.0	60276	56  27  12  17  2  61  39  37  66  24  54  40  30  49  33  62  35  42  57  7  11  29  48  59  23  3  64  46  31  6  44  21  14  4  38  60  8  58  15  63  41  50  9  18  32  65  34  13  25  55  19  1  28  36  22  10  52  43  47  26  5  16  20  53  51  45  
fs_183_6.mtx.rnd	265.0	66279	107  70  95  29  38  43  175  150  50  108  27  23  172  66  67  138  165  121  129  106  105  96  161  57  24  154  13  160  112  10  51  114  132  21  125  137  180  81  133  55  12  140  33  86  164  37  48  61  127  20  15  88  123  52  54  167  179  90  173  18  58  1  110  77  141  4  19  64  136  35  26  31  87  176  91  183  8  148  45  62  68  169  99  145  128  103  34  115  142  74  42  36  159  113  130  5  53  102  80  149  3  60  131  63  119  117  124  16  75  30  76  25  178  46  28  49  73  111  93  155  98  143  72  182  39  134  181  144  59  56  32  17  126  162  104  65  163  177  97  69  168  120  174  94  7  135  83  153  152  157  9  14  2  79  71  40  6  82  89  101  109  118  84  146  158  139  116  171  100  122  22  47  11  147  156  41  166  151  170  78  85  92  44  
impcol_b.mtx.rnd	75.0	60000	51  59  8  7  25  23  58  55  44  36  33  53  57  31  17  35  4  26  12  29  32  16  34  6  38  28  39  27  49  43  47  45  41  1  10  3  15  42  37  52  22  13  56  54  11  30  40  14  5  46  2  24  50  48  20  21  9  18  19  
bcsstk04.mtx.rnd	631.0	65298	97  7  125  131  82  34  110  71  123  41  85  39  95  64  19  91  10  23  106  124  87  50  98  33  35  60  88  58  12  78  15  68  102  75  120  32  38  57  70  26  132  94  115  29  42  61  121  20  22  118  104  47  25  79  109  122  116  45  51  69  83  90  107  3  5  30  54  96  56  21  13  27  2  127  128  53  108  89  43  17  18  66  48  92  99  81  31  76  37  14  65  67  40  28  62  80  73  129  55  1  103  105  93  9  111  113  49  4  6  24  112  126  44  100  63  101  114  52  72  11  16  117  59  74  86  46  77  84  130  119  8  36
steam3.mtx.rnd	78.0	60326	34  29  70  60  2  28  13  39  77  69  43  48  25  17  51  41  20  16  42  68  49  56  30  4  73  10  61  59  66  7  18  38  71  1  62  6  75  58  67  52  63  31  79  40  19  47  54  76  65  14  78  8  27  11  12  45  64  21  74  35  24  36  80  3  72  37  33  50  44  15  32  57  23  55  5  26  22  46  53  9  
can__161.mtx.rnd	158.0	60007	89  114  31  142  77  41  124  131  79  145  50  97  62  78  90  26  36  143  44  12  122  49  48  123  35  11  2  76  154  60  147  161  81  25  80  150  53  141  95  71  93  116  133  19  111  34  56  94  51  119  149  24  57  151  55  117  129  45  5  27  109  100  75  106  159  38  6  47  102  33  125  135  160  136  98  108  22  84  18  40  63  158  112  74  82  73  86  70  30  127  140  148  8  155  58  43  92  110  28  113  139  23  52  115  91  101  13  16  146  1  128  137  3  59  32  15  17  4  99  14  54  42  46  10  83  61  29  64  130  152  134  153  72  65  105  85  9  87  107  96  157  20  156  104  69  118  103  126  67  66  88  7  37  144  21  132  138  68  120  121  39  
west0132.mtx.rnd	119.0	60923	31  51  96  41  21  3  27  56  74  6  64  111  85  54  44  87  58  59  71  36  131  52  29  127  88  79  102  66  108  76  103  89  120  126  114  81  86  46  40  67  55  123  14  101  117  90  113  80  92  23  110  13  57  35  4  84  105  1  129  100  43  124  11  63  18  48  2  122  73  50  70  38  61  95  19  93  5  98  106  20  47  33  42  45  118  37  99  22  78  10  97  132  107  25  91  104  34  17  82  53  15  60  72  77  30  119  9  112  24  12  32  125  26  121  94  130  83  128  28  16  62  109  49  116  69  8  65  7  115  68  75  39  
bcspwr01.mtx.rnd	7.0	60000	1  6  12  39  11  35  38  29  10  13  18  19  32  17  24  3  26  7  5  30  28  27  16  23  8  15  34  22  4  31  36  14  33  21  20  37  25  9  2  
gre__115.mtx.rnd	73.0	60002	32  45  112  105  36  68  57  108  44  43  55  31  100  56  84  66  48  37  99  30  80  111  98  91  79  42  47  75  77  106  17  78  73  21  101  20  49  3  25  107  52  65  14  23  34  24  35  4  11  46  88  103  87  12  9  61  38  102  59  90  6  41  62  114  29  89  67  85  54  39  1  27  10  71  8  70  94  13  2  18  97  96  115  92  81  74  72  58  7  16  86  5  28  95  19  50  93  63  113  76  53  15  64  60  51  22  109  69  104  33  82  26  110  83  40  
ash85.mtx.rnd	44.0	60484	71  85  54  42  23  22  69  65  17  73  30  12  37  79  48  57  15  58  38  11  8  53  33  45  81  34  66  20  63  43  56  32  72  46  47  50  55  26  44  40  36  13  82  21  35  18  29  70  4  84  6  64  76  3  68  24  41  5  59  62  1  61  25  78  39  31  19  52  77  60  28  2  67  75  74  14  9  10  83  80  16  27  49  51  7  
dwt__234.mtx.rnd	43.0	60001	98  92  49  109  96  35  59  14  65  78  19  39  11  72  83  12  9  6  37  112  32  84  48  82  106  2  64  53  89  15  99  30  86  22  8  85  102  87  10  80  76  46  18  93  58  41  94  20  81  52  90  108  88  60  117  3  27  62  21  29  71  69  23  61  57  73  75  7  40  105  34  56  95  103  24  111  77  13  91  79  116  63  50  68  33  4  115  47  100  113  16  97  38  28  51  17  114  70  44  110  67  1  66  31  43  36  42  101  55  45  25  54  26  74  107  5  104  
will199.mtx.rnd	219.0	79238	145  25  122  99  55  100  15  196  130  120  6  155  48  76  140  153  33  177  70  113  41  186  118  141  86  66  31  184  27  105  102  133  146  78  135  179  119  187  92  85  142  45  88  109  158  189  137  17  114  77  197  98  60  12  159  7  10  83  74  34  194  139  89  47  65  71  112  21  166  62  193  156  16  162  46  108  167  14  96  24  19  44  5  144  49  91  22  170  29  53  2  136  165  148  106  128  72  116  101  35  147  115  84  154  4  63  97  151  171  59  20  75  183  188  82  58  3  181  134  42  191  178  160  56  26  169  180  61  8  152  150  111  199  127  9  40  161  132  23  13  124  131  125  54  28  90  1  176  107  198  182  30  67  32  93  36  79  95  50  149  168  103  157  52  94  172  80  123  192  129  11  51  164  57  73  174  87  64  175  39  18  117  68  43  81  143  195  126  69  173  185  190  110  138  38  37  163  121  104  
lns__131.mtx.rnd	64.0	60263	75  119  113  73  11  16  111  64  51  10  4  106  18  20  50  81  74  37  68  28  98  23  31  67  63  34  79  30  43  1  93  112  59  6  61  41  55  48  69  14  83  115  123  39  110  36  108  7  100  3  57  92  107  95  77  27  45  85  117  122  101  12  103  29  121  47  56  91  99  109  60  42  40  66  88  2  118  44  62  114  104  96  58  94  26  116  90  15  13  71  46  32  82  72  105  33  22  53  25  65  5  35  19  87  54  120  102  78  9  97  21  8  84  76  24  38  17  89  86  80  49  52  70  
fs_183_4.mtx.rnd	267.0	63216	26  97  117  57  159  72  96  94  89  170  139  85  110  105  183  125  3  7  127  18  58  1  106  101  99  91  2  65  163  177  130  124  69  161  173  148  45  54  151  140  30  15  88  123  33  4  141  169  41  129  70  138  27  23  168  31  109  35  46  120  114  55  12  75  78  86  100  34  128  144  103  37  13  160  142  149  76  179  108  21  20  83  25  178  79  28  49  73  167  164  134  39  24  181  116  174  152  137  52  121  154  143  36  180  132  107  61  48  146  84  87  176  95  14  50  90  43  115  104  162  126  17  32  56  136  64  19  66  67  98  175  153  119  74  42  63  131  16  102  60  133  81  62  172  77  165  118  40  38  11  113  53  5  135  47  150  71  155  93  8  171  182  80  145  157  9  158  6  82  22  111  147  122  51  68  29  10  166  92  44  112  59  156  
bcspwr03.mtx.rnd	35.0	60757	80  113  20  63  37  15  82  81  25  101  12  33  111  78  35  18  56  52  60  28  108  21  48  102  105  70  45  79  115  51  68  24  94  90  47  31  83  6  9  38  65  13  95  73  7  66  44  85  107  39  2  17  118  117  72  98  14  3  26  89  58  41  61  57  96  59  100  109  32  22  29  19  75  93  104  34  4  5  87  64  86  50  103  49  99  1  27  54  112  8  16  10  106  114  91  77  84  11  46  110  74  62  71  69  76  42  116  88  40  30  97  92  43  23  55  53  67  36  
nos1.mtx.rnd	62.0	62673	115  65  120  55  62  56  70  133  100  146  60  17  117  66  27  119  93  156  38  157  12  52  79  7  59  46  107  130  99  89  150  101  121  23  19  97  1  86  63  131  14  31  114  118  26  61  11  20  13  122  45  123  105  47  33  64  141  43  113  3  4  128  37  48  135  29  15  144  126  152  51  134  129  112  87  125  35  139  95  83  40  104  88  155  58  148  94  74  49  77  132  67  25  69  151  78  138  6  32  36  5  30  18  96  72  57  81  85  124  149  140  127  71  73  142  110  75  84  80  136  10  22  90  108  42  68  91  109  21  44  9  143  103  102  147  116  8  92  24  76  41  34  50  2  53  111  82  16  28  137  54  145  153  39  154  158  98  106  
impcol_c.mtx.rnd	98.0	62480	18  44  45  33  125  28  113  26  27  15  135  23  86  51  83  89  120  74  130  39  73  47  88  56  103  65  57  7  50  109  96  102  22  36  61  115  111  11  127  21  41  80  42  129  54  104  31  87  40  90  118  116  92  94  6  132  52  2  20  38  97  134  136  122  124  34  64  58  77  43  101  1  5  117  85  105  67  112  114  131  8  79  4  24  10  32  98  133  53  81  75  126  3  108  63  106  16  62  128  84  119  70  17  25  68  69  93  29  66  121  60  107  9  137  71  48  30  46  100  35  49  95  14  110  99  55  59  82  13  72  37  19  12  91  123  78  76  
west0167.mtx.rnd	158.0	66943	43  98  8  151  68  102  60  154  19  137  131  132  77  57  89  145  74  69  75  140  1  71  128  26  142  64  83  39  124  115  45  23  158  155  118  13  18  108  27  85  101  48  66  82  90  63  109  37  25  150  160  130  72  119  5  81  134  126  86  120  161  146  78  149  24  113  148  65  133  54  93  62  96  33  53  6  76  35  105  114  79  157  21  94  139  61  163  143  4  59  99  141  91  164  159  30  36  156  58  111  47  103  107  28  12  14  50  117  11  121  100  144  52  49  17  138  127  32  125  22  70  56  147  20  97  110  123  95  106  165  153  116  152  7  31  92  112  88  40  42  167  29  87  80  38  55  2  16  41  129  84  73  51  46  104  67  9  44  15  162  166  136  10  34  3  135  122  
gre__185.mtx.rnd	199.0	64066	47  92  176  15  101  62  171  181  102  23  52  21  22  63  136  98  116  9  93  83  13  152  155  123  48  120  24  169  67  172  109  87  46  11  145  20  108  103  50  86  154  113  33  99  68  106  126  7  122  137  104  19  39  41  79  60  150  160  26  80  131  18  25  32  179  59  175  167  130  88  38  90  110  27  111  70  55  149  73  97  133  6  66  94  40  135  8  105  61  95  30  84  85  42  51  125  119  10  53  146  82  43  147  128  121  31  74  174  166  5  91  45  158  144  118  28  81  100  114  165  75  143  156  69  178  36  159  29  71  58  129  76  142  4  44  151  35  153  112  107  164  49  89  138  37  183  140  177  148  2  78  14  117  12  127  96  182  115  64  124  132  139  3  56  173  184  65  157  1  72  54  77  161  34  16  162  57  163  170  17  141  168  180  134  185  
curtis54.mtx.rnd	26.0	60013	25  39  43  37  51  54  40  23  14  17  34  42  13  4  10  27  6  15  24  22  31  29  5  9  30  35  8  45  33  28  53  16  38  36  19  50  3  49  20  48  12  11  52  47  41  18  21  2  44  1  32  7  46  26  
bcsstk22.mtx.rnd	50.0	60711	69  54  45  78  91  28  24  81  52  101  88  7  102  38  22  9  82  18  15  4  109  71  64  66  56  13  110  11  19  62  48  29  75  76  60  79  46  96  83  53  1  57  34  31  77  14  41  59  86  98  93  61  105  25  3  63  16  68  55  27  50  47  33  92  95  73  74  67  42  36  30  2  44  17  97  8  6  87  32  12  39  70  5  37  65  100  58  23  80  10  108  35  40  99  94  104  84  90  20  43  49  51  72  21  107  106  26  103  85  89  
bcsstk05.mtx.rnd	321.0	75909	88  112  125  53  58  101  26  20  114  102  35  33  6  108  31  50  40  85  52  39  96  51  60  141  18  61  1  22  98  143  116  145  45  144  14  103  49  28  106  65  137  152  139  70  94  120  107  10  15  78  55  79  131  66  77  69  82  105  87  27  41  21  92  104  142  29  80  34  136  75  135  124  113  132  153  123  91  71  146  115  56  90  16  11  95  23  25  63  3  121  93  118  130  138  8  89  148  48  109  57  24  140  36  54  127  128  44  43  100  7  46  150  134  5  38  47  62  30  19  149  81  83  111  119  99  13  97  12  32  133  74  4  73  2  122  42  67  72  147  86  129  84  126  64  17  110  117  37  68  9  151  59  76  
ibm32.mtx.rnd	27.0	60001	17  16  32  8  4  26  24  5  20  21  7  1  14  12  19  11  13  25  31  28  6  3  23  18  22  10  27  15  9  29  2  30  
arc130.mtx.rnd	242.0	61508	106  11  93  25  47  14  38  116  108  110  56  102  55  123  109  115  100  52  119  105  44  82  40  31  114  107  28  33  9  21  87  124  32  79  97  83  6  61  26  59  53  88  4  54  69  90  36  30  41  73  121  103  48  80  98  29  23  19  50  5  12  68  75  96  118  62  94  81  10  39  128  45  70  57  71  78  72  89  117  125  104  95  85  60  46  20  113  65  42  15  99  126  74  122  2  112  111  24  18  77  101  3  43  35  120  92  58  13  84  8  49  27  34  63  51  17  91  37  76  67  66  64  130  1  86  7  127  16  22  129  
lund_a.mtx.rnd	320.0	66362	62  51  110  50  124  8  70  134  126  66  14  84  119  88  47  122  103  20  102  147  143  138  109  146  69  77  67  105  74  9  78  115  128  52  101  26  108  116  36  39  100  98  131  17  94  27  125  130  7  64  144  90  18  16  81  44  11  24  6  87  19  76  139  123  46  99  31  89  2  56  34  45  57  63  25  33  111  12  1  10  42  85  59  83  71  13  82  140  53  92  38  137  127  61  80  142  121  136  73  5  95  54  21  106  145  28  55  60  22  40  29  93  41  37  48  112  4  43  65  49  23  97  30  117  58  114  75  141  79  91  118  96  132  107  68  15  129  133  35  113  135  72  86  104  32  120  3  
west0156.mtx.rnd	112.0	67050	106  111  152  82  71  3  57  144  105  120  14  24  116  122  63  90  11  126  109  136  72  42  97  22  45  2  107  26  89  117  67  25  96  28  23  146  51  55  87  76  103  113  121  38  35  29  33  61  134  20  15  99  85  95  41  52  30  40  31  143  73  153  32  147  139  78  83  81  79  118  102  151  155  18  48  37  75  34  88  125  49  4  44  47  145  69  12  93  129  60  84  128  112  150  58  50  36  110  91  86  92  127  65  56  43  80  119  148  17  135  104  10  100  156  141  142  19  101  94  154  138  77  9  53  137  54  5  59  21  66  68  7  123  98  1  39  114  149  27  132  115  16  131  62  130  6  140  8  64  74  108  46  133  13  70  124  
fs_183_1.mtx.rnd	240.0	68192	122  54  41  72  142  19  42  84  146  48  64  136  35  26  110  183  117  138  151  99  66  12  150  38  3  96  128  10  159  100  130  5  8  11  113  69  21  95  90  132  34  52  165  87  108  179  167  67  118  61  18  114  182  168  152  102  123  109  31  43  33  29  9  147  116  156  107  170  47  22  70  85  4  27  23  141  139  158  105  6  82  149  140  59  56  32  17  126  162  104  65  2  50  25  161  157  13  160  75  30  76  78  181  153  15  88  55  68  121  83  45  148  173  154  174  169  166  92  20  127  137  63  16  120  112  80  86  164  14  28  58  73  46  131  57  97  129  106  101  37  39  134  91  180  171  111  53  178  51  89  94  115  135  155  119  125  176  62  81  133  60  163  177  172  77  145  175  98  40  49  1  144  124  24  44  71  74  103  7  79  36  143  93  
fs_183_3.mtx.rnd	274.0	66829	154  173  118  172  90  8  5  130  113  69  168  159  72  182  181  176  87  33  4  11  111  143  125  137  124  43  141  53  102  96  3  1  83  166  119  40  169  7  25  178  44  28  49  73  167  54  59  56  32  17  126  162  104  65  2  14  120  174  97  57  24  39  134  52  16  100  103  144  128  139  23  164  116  145  171  34  48  37  146  84  46  115  123  6  82  31  136  92  140  70  180  132  114  51  10  112  160  13  133  81  21  121  165  107  22  47  157  9  29  38  122  175  98  68  58  18  20  127  80  149  15  88  26  12  55  89  94  152  106  153  36  105  135  131  63  151  117  183  110  77  147  150  99  170  93  155  62  45  148  19  158  156  64  27  138  163  177  95  91  50  35  101  67  66  79  129  75  179  108  142  74  86  61  60  109  161  76  78  30  42  41  71  85  
pores_1.mtx.rnd	25.0	60000	12  11  20  7  10  15  6  26  3  18  4  23  1  27  30  28  9  14  16  8  22  19  13  5  21  2  24  25  17  29  
bcspwr02.mtx.rnd	12.0	60027	10  14  46  47  20  25  17  3  4  32  12  22  48  37  49  29  31  39  16  28  18  24  26  19  2  43  7  42  6  30  40  44  9  33  21  27  13  35  15  1  38  34  5  8  41  45  36  23  11  
nos4.mtx.rnd	59.0	60316	68  59  56  17  21  43  67  32  76  100  14  89  35  4  54  18  26  19  20  2  16  71  33  74  80  24  87  28  93  90  22  83  7  1  12  38  30  70  63  52  95  84  66  77  57  8  47  5  75  55  98  31  36  62  15  79  58  23  39  11  91  94  92  64  85  86  40  60  78  27  13  82  99  25  96  81  46  72  34  48  29  37  53  6  51  9  65  69  42  73  3  97  45  44  50  41  61  10  49  88  
lund_b.mtx.rnd	367.0	63006	114  59  35  65  80  137  41  136  93  19  21  15  77  116  145  16  146  54  96  23  95  119  56  4  90  100  106  36  22  121  38  40  71  97  94  60  88  3  73  112  49  141  55  72  61  58  25  91  142  117  37  108  135  138  101  84  52  67  120  39  9  115  132  26  103  46  129  68  125  45  86  123  79  118  102  74  64  20  78  12  75  27  127  6  124  33  87  122  50  76  143  133  104  43  10  89  99  14  53  17  147  128  69  66  131  107  2  70  83  8  11  85  24  42  1  57  111  109  126  63  140  31  62  34  29  30  98  7  113  139  5  32  82  51  105  130  110  44  144  18  134  28  47  92  48  13  81  
will57.mtx.rnd	24.0	60077	7  6  27  37  10  38  32  15  25  8  5  56  16  3  24  33  36  39  46  22  35  21  2  50  53  45  29  51  4  19  1  40  57  11  23  28  48  41  52  31  12  44  43  26  54  49  42  17  30  20  9  14  18  55  13  47  34  
mcca.mtx.rnd	589.0	106995	36  100  17  89  64  115  29  18  62  118  168  20  158  37  127  149  166  137  91  40  155  92  42  22  9  53  34  59  105  97  1  75  71  12  76  72  106  116  41  48  93  69  123  95  141  21  112  19  7  44  32  57  80  50  85  126  68  16  3  148  31  99  139  60  13  125  111  167  161  61  104  88  46  56  101  144  4  82  52  140  107  15  147  47  145  58  26  133  129  28  10  14  143  98  78  122  63  164  154  83  33  151  130  108  156  110  109  165  39  152  134  74  131  135  136  146  24  73  79  67  5  128  65  49  35  159  77  43  103  38  138  113  86  102  81  90  117  54  142  121  119  157  150  2  25  132  8  6  70  87  114  51  84  153  45  23  30  27  160  55  162  94  66  120  163  11  124  96  
gent113.mtx.rnd	138.0	61959	50  61  83  9  99  54  23  86  13  49  19  82  36  4  95  96  91  6  48  21  65  88  44  87  37  76  85  34  5  68  43  11  35  75  22  27  56  33  69  92  17  78  90  2  39  77  1  102  7  47  14  10  32  64  74  94  71  60  79  24  18  53  41  26  97  62  70  57  3  89  104  103  93  101  59  98  52  63  58  12  20  66  73  72  81  28  45  40  38  42  51  67  84  25  55  29  100  16  46  8  30  80  15  31  
bcsstk01.mtx.rnd	45.0	60000	11  44  33  32  7  15  9  8  47  39  34  21  40  20  28  25  37  3  46  5  27  43  4  45  14  2  23  41  12  18  6  26  31  10  22  17  38  16  29  13  30  36  35  48  19  24  1  42  
can__144.mtx.rnd	132.0	61253	131  74  39  110  101  105  54  78  22  141  4  106  53  27  66  133  137  30  90  5  19  95  58  10  109  13  132  12  57  16  87  42  62  85  59  89  97  118  56  23  86  103  63  46  81  138  124  1  6  2  134  11  29  33  52  121  38  127  107  116  93  80  136  113  3  126  122  72  55  112  51  119  76  139  135  9  104  117  15  83  77  26  125  68  94  36  48  67  99  8  91  71  61  120  79  45  64  114  41  102  128  88  115  108  123  37  60  143  35  32  43  129  31  111  47  49  84  75  20  82  25  69  100  14  17  144  24  65  73  44  92  70  34  50  40  18  130  21  98  140  96  142  7  28  
